
181
241
441
1041
1861
1561
1881
2041
2081
2101
2141
2221
2161
2281
2321
2341
2401
2421
2461
2481
2521
2561
2441
2601
2581
2741
2761
2781
2721
2821
2841
2881
2901
2921
2981
3061
3081
3161
3141
3101
3181
3121
3241
3221
3301
3321
3341
3281
3381
3401
3361
3441
3521
3501
3561
3641
3661
3621
3721
3681
3761
3781
3801
3821
3841
3861
3901
3981
3941
4001
4021
4061
4121
4141
4081
4101
4161
4181
4201
4241
4281
4261
4321
4341
4301
4361
4381
4421
4441
4461
4481
4521
4541
4561
4621
4641
4681
4721
4741
4701
4801
4861
4881
4821
4841
4901
4941
4961
5001
4981
5041
5061
5081
5101
5121
5141
5161
5221
5241
5301
5281
5321
5361
5341
5381
5421
5401
5461
5501
5521
5581
5601
5541
5561
5641
5701
5661
5681
5761
5721
5781
5801
5741
5841
5861
5881
5901
5941
5961
6021
6041
6061
6101
6121
6141
6201
6241
6261
6281
6301
6381
6341
6401
6441
6461
6501
6521
6561
6621
6661
6681
6641
6701
6721
6761
6781
6801
6841
6881
6821
6901
6941
6921
6981
6961
7021
7041
7061
7101
7121
7081
7141
7181
7201
7161
7221
7241
7301
7261
7321
7341
7281
7361
7401
7381
7441
7461
7421
7481
7501
7521
7541
7581
7601
7621
7561
7641
7661
7681
7721
7741
7701
7761
7801
7781
7821
7841
7861
7881
7901
7941
7961
7921
7981
4201
2861